type      = 1 # LINEAR_RAS_TO_RAS
nxforms   = 1
mean      = 0.0000 0.0000 0.0000
sigma     = 1.0000
1 4 4
-1.033793484848209e+00 3.215299950403788e-03 -1.099761891158256e-02 -3.592359989814790e-02
-4.622650181517314e-02 9.972217435011462e-01 1.147550898695703e-02 -4.072259703964797e-01
8.776242906549743e-03 -9.875460884498930e-03 1.019767811931279e+00 6.600866757896580e-01
-4.999498283142073e-07 -3.271814131736691e-08 1.570657637881076e-07 9.999780556873012e-01
src volume info
valid = 1
filename = none
volume = 256 256 256
voxelsize = 1.000000000000000e+00 1.000000000000000e+00 1.000000000000000e+00
xras   = -1.000000000000000e+00 0.000000000000000e+00 0.000000000000000e+00
yras   = 0.000000000000000e+00 0.000000000000000e+00 -1.000000000000000e+00
zras   = 0.000000000000000e+00 1.000000000000000e+00 0.000000000000000e+00
cras   = 0.000000000000000e+00 0.000000000000000e+00 0.000000000000000e+00
dst volume info
valid = 1
filename = none
volume = 256 256 256
voxelsize = 1.000000000000000e+00 1.000000000000000e+00 1.000000000000000e+00
xras   = -1.000000000000000e+00 0.000000000000000e+00 0.000000000000000e+00
yras   = 0.000000000000000e+00 0.000000000000000e+00 -1.000000000000000e+00
zras   = 0.000000000000000e+00 1.000000000000000e+00 0.000000000000000e+00
cras   = 0.000000000000000e+00 0.000000000000000e+00 0.000000000000000e+00
